5.818629611253197526e-02
7.582494260773789234e-03
6.955199258833772574e-03
1.193559393030164603e-02
1.198039890394222984e-02
2.675741928999901542e-02
1.391483514552887234e-02
7.321925176277617247e-04
2.283906921399656356e-02
4.375605077838941315e-03
8.908024398293318963e-03
9.511104572405493923e-03
1.179918327251332569e-02
1.235370056149164009e-02
3.746335966079667595e-03
8.497126410662797502e-02
3.215055773377429021e-03
7.127121736947771187e-03
1.815543953145460146e-02
2.310324241048286251e-03
2.478651366012776629e-03
2.506136170686404374e-02
1.396219569515362580e-02
1.842526091232755264e-02
1.215347607243533971e-03
1.545561439967893915e-03
5.673865869717375533e-03
4.427864237289821231e-02
3.126616917367576031e-03
1.014874251510202441e-01
1.512621174756978784e-02
2.975368708706447630e-03
1.243882240559473140e-03
3.647027699394290914e-03
3.734727331324532579e-02
1.237166585926054337e-02
3.637934905974013478e-02
4.837179161863409266e-02
4.307627311873786849e-03
4.555206022973034077e-03
1.235413012875727010e-02
5.053500614079557002e-03
1.976755140657022233e-03
1.891030906066435563e-02
1.202938295366398798e-02
1.930918212265570963e-02
3.092922780320495404e-03
1.051280089247916055e-03
8.458471508085483800e-03
2.024754164256777345e-01
1.081126239848210005e-02
2.135511622889444544e-02
5.032673903070181663e-03
2.179208361754062656e-02
1.185918708889391153e-02
1.391288430053785408e-03
1.286992169064790983e-02
9.648666685228639642e-03
1.796940072476325284e-02
1.014360229968155717e-02
5.100148251000313077e-03
3.724066029817203229e-03
7.535202143712784687e-04
2.218293702598430339e-01
1.310740723861312240e-01
1.067575366405642406e-01
1.010605466741051617e-01
1.288281556029488295e-01
1.227581839376869627e-01
2.552029515547774019e-01
3.849148273499118367e-01
2.059364113562144327e-01
1.994683058619556026e-01
1.551703560503777946e-01
2.128976985030708313e-01
9.940788843180790868e-02
1.530951071393220897e-01
1.260598585675387906e-01
1.660793482113000208e-01
6.798612199030291958e-02
1.558525776460694401e-01
3.933500991771005650e-01
2.085095214276491415e-01
1.727091229972123332e-01
1.044172567927790507e-01
9.386385378640389743e-02
1.165907456728936115e-01
1.854762821183491561e-01
2.777692273616931273e-01
1.661436550063746520e-01
1.083532225777203151e-01
1.591106631269703919e-01
1.253564421460874045e-01
1.710046842355856522e-01
1.370817827447619597e-01
2.408790006175635101e-01
1.992572406935174401e-01
1.059619744746250619e-01
1.897164621533470874e-01
2.314291385064431716e-01
2.947068058757043585e-01
1.600710341305646711e-01
1.439478492363062967e-01
2.281086197210971389e-01
7.451641265815157900e-02
1.452408833372486052e-01
1.537795562542488281e-01
2.029789128905601092e-01
1.210279229923608979e-01
9.223511135457926335e-02
2.246548609182577594e-01
8.461298463262795222e-02
1.892580678678186801e-01
9.612655275093279217e-02
7.512355414931451425e-02
2.145487354766592580e-01
2.674238293570785352e-01
1.221745544680297030e-01
2.150511081514561718e-01
1.570605366367604228e-01
1.387742932930070838e-01
1.393562618614119508e-01
1.133795878919166833e-01
1.860514050749390302e-01
2.775611760210781043e-01
5.354678290865513834e-02
