5.818952177858884023e-02
7.583956353346285595e-03
6.956466810977738648e-03
1.193724359670659228e-02
1.198218838425204984e-02
2.675988398227858306e-02
1.391684586444760785e-02
7.324423726480388695e-04
2.284124469035853089e-02
4.376520368625960548e-03
8.909557932456662471e-03
9.512776064080465457e-03
1.180122307222823859e-02
1.235557003953060076e-02
3.747182805304154034e-03
8.497237591449829930e-02
3.215878969763229060e-03
7.128360416375338106e-03
1.815781424421573226e-02
2.310929213188539499e-03
2.479263147523740399e-03
2.506361869524066643e-02
1.396418435050549717e-02
1.842796234789432358e-02
1.215713019900224474e-03
1.545971243078216126e-03
5.675007525833336217e-03
4.428139645909153627e-02
3.127417755843193981e-03
1.014915960076154117e-01
1.512857337634242010e-02
2.976162221530239543e-03
1.244276768701499478e-03
3.647899163204102596e-03
3.734981976478209814e-02
1.237368341901787586e-02
3.638256307366249248e-02
4.837614074883486714e-02
4.308640098022676647e-03
4.556187163158705034e-03
1.235613556839289424e-02
5.054578002382132361e-03
1.977308981593216535e-03
1.891278671740117753e-02
1.203101310978786816e-02
1.931170510728649758e-02
3.093659863504045083e-03
1.051593939564220018e-03
8.460009631118661777e-03
2.024709594503287802e-01
1.081318442994372644e-02
2.135812158898119789e-02
5.033696034224480718e-03
2.179445650611787008e-02
1.186147888352372115e-02
1.391710591339711351e-03
1.287187384774340394e-02
9.650435471477817467e-03
1.797166710095653153e-02
1.014522053186277424e-02
5.101366391662747780e-03
3.724973726052469795e-03
7.537754416392632856e-04
2.218276534273197764e-01
1.310771346230262813e-01
1.067602208244125273e-01
1.010635256222405937e-01
1.288330232077276871e-01
1.227611374731895494e-01
2.552011612952620467e-01
3.849044771766718664e-01
2.059374910008227866e-01
1.994686162408752239e-01
1.551719741014718490e-01
2.128959690290286588e-01
9.941081682331438796e-02
1.530970366865630761e-01
1.260637147819506643e-01
1.660835980389496203e-01
6.799008138349398045e-02
1.558554243230541869e-01
3.933389672406680249e-01
2.085102203046901859e-01
1.727104846850113506e-01
1.044218454106708577e-01
9.386680075600303819e-02
1.165959030752478920e-01
1.854775538100148780e-01
2.777670454620604912e-01
1.661444697017330496e-01
1.083557940042709639e-01
1.591132471208319132e-01
1.253595033389370561e-01
1.710069859349689914e-01
1.370837490684719273e-01
2.408803164637591254e-01
1.992588386094880093e-01
1.059657909415027827e-01
1.897212701130703005e-01
2.314290746431751644e-01
2.947031416617283961e-01
1.600725377356211065e-01
1.439503384299565258e-01
2.281086786745258332e-01
7.452056904355117140e-02
1.452438607095832279e-01
1.537808758954869459e-01
2.029799896538367898e-01
1.210307281206010749e-01
9.223968353220707295e-02
2.246554319790100840e-01
8.461751755535260044e-02
1.892577848084965042e-01
9.613081847652502065e-02
7.512723191263147304e-02
2.145463412861819963e-01
2.674194480134126639e-01
1.221769159177123615e-01
2.150522738509096643e-01
1.570625551804027409e-01
1.387765549639650153e-01
1.393600294969630227e-01
1.133826788304381217e-01
1.860546479765849137e-01
2.775583953909899759e-01
5.355055333767404918e-02
