1.284523163737763540e-01
1.747351793763389505e-04
2.643606041978210165e-05
6.779850224902977723e-05
2.126245660051460343e-04
2.109758758894431444e-03
5.761872489436984778e-04
5.737739487767706212e-08
5.894983138621526708e-04
4.127111561946664093e-06
1.099493652998721798e-04
2.983347487696583981e-04
1.879339324824455147e-03
3.496821851533566533e-04
4.810492447793216034e-06
8.465111552618541368e-02
2.087838089334539030e-05
1.457896358796450438e-05
2.073954712753074258e-03
1.513527270528413058e-06
6.816505876808640133e-07
8.883666420042273665e-04
4.851427310497059440e-04
1.154701007325855885e-02
1.399389184101706360e-07
4.337185543308075571e-08
2.355080173084767842e-05
1.694823921678985032e-02
1.608054560200076197e-05
9.292532279577825349e-01
4.180440903198315294e-03
2.808533082857521401e-05
8.836668278106179970e-07
1.319398721863802018e-05
5.507208049062095080e-03
1.137282077725002092e-03
3.187756150402688143e-02
4.275679117851287625e-01
4.550240551494901171e-05
1.123717985101563414e-05
1.041154134390350709e-03
2.484161671032056570e-05
2.031004155350183802e-06
3.183446691180343794e-03
5.603284146497563499e-05
3.783040424148168077e-03
2.511677550739140122e-06
2.816650072162145369e-08
1.724298564230644767e-04
9.585494934730290906e-01
1.288568107978266871e-03
2.782319844594517352e-02
8.828093420779962840e-06
1.443314691349003448e-03
1.471093640143461556e-02
6.744194454930532978e-07
5.428115106232056421e-04
7.269243629631114926e-04
1.174661335363797517e-03
1.130001190051623959e-04
3.395399695260630326e-04
2.587148700138410502e-05
5.899627063567926236e-08
9.974785983819202118e-01
9.706105312653299233e-01
8.009426233619336699e-01
7.792605037579890537e-01
9.927729130719411543e-01
9.443555989538173767e-01
9.995877177402504588e-01
9.999627567660523964e-01
9.987669186899599261e-01
9.971491171183012314e-01
9.812329176600553815e-01
9.956834407774691753e-01
7.461187622198870439e-01
9.829292813021159869e-01
9.794514456601267627e-01
9.985420029189575608e-01
5.076892413408357063e-01
9.927348114466160167e-01
9.999646517511775468e-01
9.986615706133628034e-01
9.926599341739936744e-01
9.610328842289873608e-01
6.592323329188221059e-01
9.889087956934349277e-01
9.964229497186000151e-01
9.998425504958285970e-01
9.837399860656205197e-01
8.023742014596453309e-01
9.927872117560564424e-01
9.572528498428917176e-01
9.957205196454051999e-01
9.519744409970374299e-01
9.998311632596634801e-01
9.986889882694397480e-01
9.242596558478467506e-01
9.997073698360449123e-01
9.994156266385174625e-01
9.998620203880206336e-01
9.851742296530756615e-01
9.798016622546881216e-01
9.993466658704380778e-01
6.810910150270846897e-01
9.872898399621896637e-01
9.743931998687592744e-01
9.985404728350426584e-01
9.291102240143579438e-01
9.191748895929821028e-01
9.994086279003534523e-01
8.709366354767464902e-01
9.923215251400211434e-01
9.111470678513098331e-01
5.309009790577523535e-01
9.942575419817144544e-01
9.992005605107413535e-01
9.046086330221324578e-01
9.992916483838442110e-01
9.876131301658576112e-01
9.660576636751270208e-01
9.902355742991006959e-01
9.084122642318750440e-01
9.990324678451016904e-01
9.997868254732104054e-01
2.253570215007899558e-01
